8//ancho
*
11//alto
*
1:hojaSprite.png-32-32-true//hojas sprite
*
01:1-4//arena
#
02:1-6//grama
#
03:1-7//ezquina izquierda superio
#
04:1-8//ezquina derecha superio
#
05:1-13//ezquina izquierda inferior
#
06:1-14//ezquina derecha inferior
*
00000000
00000000
00011000
00011000
00000000
00001100
00001100
00000000
00000000
*
01 01 01 01 01 01 01 01
01 02 02 02 02 02 02 01
01 02 02 03 04 02 02 01
01 02 02 05 06 02 02 01
01 02 02 02 02 02 02 01
01 02 02 02 03 04 02 01
01 02 02 02 05 06 02 01
01 02 02 02 02 02 02 01
01 01 01 01 01 01 01 01